427
1048
1079
1074
1098
1085
1079
1077
1084
1085
1080
32
1085
1072
1087
1072
1076
1072
1090
32
1047
1077
1084
1103
1090
1072
32
33
13
10
13
10
1048
1079
1087
1088
1072
1090
1077
1085
32
1089
1080
32
1085
1072
32
1089
1077
1082
1088
1077
1090
1085
1072
32
1084
1080
1089
1080
1103
32
1076
1072
32
1087
1086
1083
1091
1095
1080
1096
32
13
10
1080
1085
1092
1086
1088
1084
1072
1094
1080
1103
32
1079
1072
32
1073
1072
1079
1072
1090
1072
32
1085
1072
32
1080
1079
1074
1098
1085
1079
1077
1084
1085
1080
1090
1077
44
32
1079
1072
13
10
1076
1072
32
1089
1087
1072
1089
1080
1096
32
1095
1086
1074
1077
1095
1077
1089
1090
1074
1086
1090
1086
46
32
32
13
10
13
10
1042
1085
1080
1084
1072
1074
1072
1081
44
32
1072
1082
1086
32
1089
1077
32
1073
1083
1098
1089
1085
1077
1096
32
1074
32
1089
1082
1072
1083
1072
32
1080
1083
1080
32
1074
13
10
1087
1072
1090
1088
1091
1083
1080
1088
1072
1097
32
1082
1086
1088
1072
1073
32
1085
1072
32
1080
1079
1074
1098
1079
1077
1084
1085
1080
1090
1077
44
32
1097
1077
32
1089
1077
32
13
10
1074
1079
1088
1080
1074
1080
1096
32
33
32
1052
1086
1078
1077
1096
32
1076
1072
32
1089
1090
1088
1077
1083
1103
1096
32
1089
32
67
84
82
76
44
32
1085
1086
13
10
1080
1079
1074
1098
1085
1079
1077
1084
1085
1080
1090
1077
32
1089
1098
1097
1086
32
1089
1090
1088
1077
1083
1103
1090
46
32
13
10
13
10
1050
1086
1075
1072
1090
1086
32
1080
1079
1090
1077
1095
1077
32
1074
1088
1077
1084
1077
1090
1086
32
1079
1072
32
1074
1089
1103
1082
1086
32
1085
1080
1074
1086
44
32
1097
1077
13
10
1089
1077
32
1086
1090
1074
1086
1088
1080
32
1087
1086
1088
1090
1072
1083
44
32
1074
32
1082
1086
1081
1090
1086
32
1090
1088
1103
1073
1074
1072
32
1076
1072
32
1074
1083
1077
1079
1077
1096
44
13
10
1079
1072
32
1076
1072
32
1088
1072
1079
1082
1088
1080
1077
1096
32
1090
1072
1081
1085
1072
1090
1072
32
1073
1072
1079
1072
32
1085
1072
1080
1079
1074
1098
1085
1079
1077
1084
1085
1080
1090
1077
46
13
10
0
